1,51
213,257
425,447
637,641
849,850
1061,1061
73,212
288,424
502,636
718,848
935,1060
1151,1272
1365,1484
1579,1696
1793,1908
2006,2120
2220,2332
2433,2544
2655,2756
2877,2968
3094,3180
3311,3392
3527,3604
3741,3816
3955,4028
4168,4240
4385,4452
4601,4664
4815,4876
5035,5088
5250,5300
5464,5512
5677,5724
5891,5936
6108,6148
6324,6360
6357,6572
6750,6784
6963,6996
7176,7208
7388,7420
7601,7632
7813,7844
8025,8056
8238,8268
8450,8480
8662,8692
8875,8904
9087,9116
9300,9328
9512,9540
9725,9752
9938,9964
10151,10176
10364,10388
10577,10600
10790,10812
11003,11024
11216,11236
11429,11448
11642,11660
11855,11872
12068,12084
12281,12296
12494,12508
12707,12720
12920,12932
13132,13144
13345,13356
13558,13568
13771,13780
13984,13992
14196,14204
14409,14416
14622,14628
14834,14840
15047,15052
15260,15264
15472,15476
15684,15688
15897,15900
16109,16112
16322,16324
16534,16536
16747,16748
16959,16960
17171,17172
17384,17384
17596,17596
17808,17808
18020,18020
22683,20776
22895,20988
23107,21200
23319,21412
23531,21624
23743,21836
23955,22048
24167,22260
24378,22472
24590,22684
24802,22896
25015,23108
25227,23320
25439,23532
25651,23744
25863,23956
24168,24168
24380,24380
24592,24592
24804,24804
25016,25016
25228,25228
25440,25440
25652,25652
25864,25864
26076,26076
26288,26288
26500,26500
26712,26712
45659,45792
45450,45580
45241,45368
45032,45156
44823,44944
44615,44732
44408,44520
44200,44308
44014,44096
43806,43884
43599,43672
43391,43460
43182,43248
42973,43036
42775,42824
42578,42612
42369,42400
42158,42188
41947,41976
41735,41764
41523,41552
41311,41340
41099,41128
40887,40916
40675,40704
40463,40492
40251,40280
40039,40068
39827,39856
39615,39644
39404,39432
39192,39220
38980,39008
38768,38796
38556,38584
38344,38372
38132,38160
37920,37948
37708,37736
37496,37524
37284,37312
37073,37100
36862,36888
36651,36676
36439,36464
36228,36252
36017,36040
35806,35828
35594,35616
35383,35404
35171,35192
34960,34980
34748,34768
34537,34556
34325,34344
34114,34132
33902,33920
33691,33708
33479,33496
33268,33284
33056,33072
32844,32860
32633,32648
32421,32436
32209,32224
31998,32012
31786,31800
31574,31588
31363,31376
31151,31164
30940,30952
30728,30740
30517,30528
30306,30316
30094,30104
29883,29892
29672,29680
29461,29468
29251,29256
29040,29044
28829,28832
28618,28620
28407,28408
28196,28196
27984,27984
43994,43996
45581,45644
45369,45424
45157,45204
44945,44984
44733,44764
44521,44550
44309,44336
44097,44123
43885,43910
43673,43698
43461,43485
43249,43273
43037,43060
42825,42848
42613,42635
42401,42423
42189,42210
41977,41998
41765,41786
41553,41574
41341,41362
41129,41150
40917,40938
40705,40726
40493,40514
40281,40302
40069,40090
39857,39878
39645,39666
39433,39454
39221,39242
39009,39030
38797,38818
38585,38606
38373,38394
38161,38181
37949,37969
37737,37756
37525,37544
37313,37332
37101,37119
36889,36907
36677,36695
36465,36482
36253,36270
36041,36058
35829,35845
35617,35633
35405,35420
35193,35207
34981,34995
34769,34782
34557,34569
34345,34356
34133,34143
33921,33930
33709,33717
33497,33504
33285,33291
33073,33079
32861,32866
32649,32653
32437,32441
32225,32229
32013,32016
31801,31804
31589,31592
31377,31380
31165,31169
30953,30957
30741,30745
30529,30533
30317,30322
30105,30110
29893,29898
29681,29685
29469,29472
29257,29259
29045,29046
28833,28833
27561,27561
27349,27349
27137,27137
26925,26925
26713,26713
26501,26501
26289,26290
26077,26078
25865,25866
25653,25655
25441,25444
25229,25233
25017,25021
24805,24810
24593,24598
24381,24387
24169,24175
23957,23963
23745,23752
23533,23540
23321,23328
23109,23116
22897,22904
22685,22693
22473,22482
22261,22270
22049,22059
21837,21848
21625,21637
21413,21426
21201,21214
20989,21003
20777,20792
20565,20581
20353,20369
20141,20158
19929,19946
19717,19735
19505,19523
19293,19312
19081,19100
18869,18888
18657,18676
18445,18463
18233,18251
18021,18038
17809,17826
17597,17614
17385,17401
17173,17188
16961,16976
16749,16763
16537,16551
16325,16339
16113,16127
15901,15914
15689,15701
15477,15488
15265,15276
15053,15063
14841,14850
14629,14637
14417,14425
14205,14212
13993,13999
13781,13787
13569,13575
13357,13363
13145,13151
12933,12939
12721,12727
12509,12515
12297,12304
12085,12092
11873,11880
11661,11669
11449,11456
11237,11244
11025,11032
10813,10820
10601,10608
10389,10396
10177,10184
9965,9972
9753,9760
9541,9548
9329,9335
9117,9123
8905,8911
8693,8698
8481,8485
8269,8272
8057,8059
7845,7846
7633,7634
7421,7422
7209,7210
6997,6998
6785,6786
6573,6574
6361,6362
6149,6149
5937,5937
5725,5725
5513,5513
5301,5301
5089,5089
4877,4877
4665,4665
